{
 "cells": [
  {
   "cell_type": "code",
   "execution_count": 1,
   "metadata": {},
   "outputs": [],
   "source": [
    "import pandas as pd\n",
    "import numpy as np\n",
    "import seaborn as sns \n",
    "import matplotlib.pyplot as plt\n",
    "from sklearn.impute import SimpleImputer"
   ]
  },
  {
   "cell_type": "code",
   "execution_count": 2,
   "metadata": {},
   "outputs": [
    {
     "data": {
      "text/html": [
       "<div>\n",
       "<style scoped>\n",
       "    .dataframe tbody tr th:only-of-type {\n",
       "        vertical-align: middle;\n",
       "    }\n",
       "\n",
       "    .dataframe tbody tr th {\n",
       "        vertical-align: top;\n",
       "    }\n",
       "\n",
       "    .dataframe thead th {\n",
       "        text-align: right;\n",
       "    }\n",
       "</style>\n",
       "<table border=\"1\" class=\"dataframe\">\n",
       "  <thead>\n",
       "    <tr style=\"text-align: right;\">\n",
       "      <th></th>\n",
       "      <th>Month</th>\n",
       "      <th>Rice</th>\n",
       "      <th>Wheat</th>\n",
       "      <th>Barley</th>\n",
       "      <th>Corn</th>\n",
       "      <th>Peanuts</th>\n",
       "      <th>Sugar</th>\n",
       "      <th>Coconut-oil</th>\n",
       "      <th>Palm-oil</th>\n",
       "      <th>Sunflower-oil</th>\n",
       "      <th>Chicken</th>\n",
       "      <th>Beef</th>\n",
       "      <th>Pork</th>\n",
       "      <th>Fish</th>\n",
       "      <th>Tea</th>\n",
       "      <th>Coffee</th>\n",
       "    </tr>\n",
       "  </thead>\n",
       "  <tbody>\n",
       "    <tr>\n",
       "      <th>0</th>\n",
       "      <td>Oct-90</td>\n",
       "      <td>0.28</td>\n",
       "      <td>0.11</td>\n",
       "      <td>0.09</td>\n",
       "      <td>0.10</td>\n",
       "      <td>2.12</td>\n",
       "      <td>0.0049</td>\n",
       "      <td>0.28</td>\n",
       "      <td>0.29</td>\n",
       "      <td>0.58</td>\n",
       "      <td>0.0236</td>\n",
       "      <td>0.0571</td>\n",
       "      <td>2.5051</td>\n",
       "      <td>6.35</td>\n",
       "      <td>1.60</td>\n",
       "      <td>1.24</td>\n",
       "    </tr>\n",
       "    <tr>\n",
       "      <th>1</th>\n",
       "      <td>Nov-90</td>\n",
       "      <td>0.27</td>\n",
       "      <td>0.11</td>\n",
       "      <td>0.09</td>\n",
       "      <td>0.10</td>\n",
       "      <td>2.11</td>\n",
       "      <td>0.0049</td>\n",
       "      <td>0.34</td>\n",
       "      <td>0.33</td>\n",
       "      <td>0.56</td>\n",
       "      <td>0.0236</td>\n",
       "      <td>0.0558</td>\n",
       "      <td>2.4414</td>\n",
       "      <td>6.46</td>\n",
       "      <td>1.58</td>\n",
       "      <td>1.22</td>\n",
       "    </tr>\n",
       "    <tr>\n",
       "      <th>2</th>\n",
       "      <td>Dec-90</td>\n",
       "      <td>0.26</td>\n",
       "      <td>0.11</td>\n",
       "      <td>0.09</td>\n",
       "      <td>0.10</td>\n",
       "      <td>2.00</td>\n",
       "      <td>0.0046</td>\n",
       "      <td>0.32</td>\n",
       "      <td>0.35</td>\n",
       "      <td>0.55</td>\n",
       "      <td>0.0231</td>\n",
       "      <td>0.0562</td>\n",
       "      <td>2.3479</td>\n",
       "      <td>6.50</td>\n",
       "      <td>1.52</td>\n",
       "      <td>1.24</td>\n",
       "    </tr>\n",
       "    <tr>\n",
       "      <th>3</th>\n",
       "      <td>Jan-91</td>\n",
       "      <td>0.30</td>\n",
       "      <td>0.11</td>\n",
       "      <td>0.09</td>\n",
       "      <td>0.11</td>\n",
       "      <td>1.85</td>\n",
       "      <td>0.0042</td>\n",
       "      <td>0.34</td>\n",
       "      <td>0.35</td>\n",
       "      <td>0.57</td>\n",
       "      <td>0.0231</td>\n",
       "      <td>0.0571</td>\n",
       "      <td>2.6495</td>\n",
       "      <td>6.34</td>\n",
       "      <td>1.55</td>\n",
       "      <td>1.16</td>\n",
       "    </tr>\n",
       "    <tr>\n",
       "      <th>4</th>\n",
       "      <td>Feb-91</td>\n",
       "      <td>0.33</td>\n",
       "      <td>0.11</td>\n",
       "      <td>0.09</td>\n",
       "      <td>0.11</td>\n",
       "      <td>1.79</td>\n",
       "      <td>0.0042</td>\n",
       "      <td>0.33</td>\n",
       "      <td>0.34</td>\n",
       "      <td>0.60</td>\n",
       "      <td>0.0238</td>\n",
       "      <td>0.0602</td>\n",
       "      <td>2.3517</td>\n",
       "      <td>6.41</td>\n",
       "      <td>1.48</td>\n",
       "      <td>1.14</td>\n",
       "    </tr>\n",
       "  </tbody>\n",
       "</table>\n",
       "</div>"
      ],
      "text/plain": [
       "    Month  Rice  Wheat  Barley  Corn  Peanuts   Sugar  Coconut-oil  Palm-oil  \\\n",
       "0  Oct-90  0.28   0.11    0.09  0.10     2.12  0.0049         0.28      0.29   \n",
       "1  Nov-90  0.27   0.11    0.09  0.10     2.11  0.0049         0.34      0.33   \n",
       "2  Dec-90  0.26   0.11    0.09  0.10     2.00  0.0046         0.32      0.35   \n",
       "3  Jan-91  0.30   0.11    0.09  0.11     1.85  0.0042         0.34      0.35   \n",
       "4  Feb-91  0.33   0.11    0.09  0.11     1.79  0.0042         0.33      0.34   \n",
       "\n",
       "   Sunflower-oil  Chicken    Beef    Pork  Fish   Tea  Coffee  \n",
       "0           0.58   0.0236  0.0571  2.5051  6.35  1.60    1.24  \n",
       "1           0.56   0.0236  0.0558  2.4414  6.46  1.58    1.22  \n",
       "2           0.55   0.0231  0.0562  2.3479  6.50  1.52    1.24  \n",
       "3           0.57   0.0231  0.0571  2.6495  6.34  1.55    1.16  \n",
       "4           0.60   0.0238  0.0602  2.3517  6.41  1.48    1.14  "
      ]
     },
     "execution_count": 2,
     "metadata": {},
     "output_type": "execute_result"
    }
   ],
   "source": [
    "# load the data\n",
    "df = pd.read_csv('datasets/groceries.csv')\n",
    "df.head()\n"
   ]
  },
  {
   "cell_type": "code",
   "execution_count": 3,
   "metadata": {},
   "outputs": [
    {
     "data": {
      "text/plain": [
       "Month              0\n",
       "Rice               0\n",
       "Wheat              0\n",
       "Barley             0\n",
       "Corn               0\n",
       "Peanuts            0\n",
       "Sugar              0\n",
       "Coconut-oil        0\n",
       "Palm-oil           0\n",
       "Sunflower-oil    141\n",
       "Chicken            0\n",
       "Beef               0\n",
       "Pork              39\n",
       "Fish              39\n",
       "Tea                0\n",
       "Coffee             0\n",
       "dtype: int64"
      ]
     },
     "execution_count": 3,
     "metadata": {},
     "output_type": "execute_result"
    }
   ],
   "source": [
    "# check the nan values\n",
    "df.isnull().sum()"
   ]
  },
  {
   "cell_type": "markdown",
   "metadata": {},
   "source": [
    "### Deal with NaN value"
   ]
  },
  {
   "cell_type": "code",
   "execution_count": 4,
   "metadata": {},
   "outputs": [],
   "source": [
    "# Fill out miss values of Sunflower oil, Pork Fish  with the mean \n",
    "\n",
    "median_imputer  = SimpleImputer(strategy='mean')\n",
    "df['Sunflower-oil'] = median_imputer.fit_transform(df[['Sunflower-oil']])\n",
    "df['Pork'] = median_imputer.fit_transform(df[['Pork']])\n",
    "df['Fish'] = median_imputer.fit_transform(df[['Fish']])"
   ]
  },
  {
   "cell_type": "code",
   "execution_count": 5,
   "metadata": {},
   "outputs": [
    {
     "data": {
      "text/plain": [
       "Month            0\n",
       "Rice             0\n",
       "Wheat            0\n",
       "Barley           0\n",
       "Corn             0\n",
       "Peanuts          0\n",
       "Sugar            0\n",
       "Coconut-oil      0\n",
       "Palm-oil         0\n",
       "Sunflower-oil    0\n",
       "Chicken          0\n",
       "Beef             0\n",
       "Pork             0\n",
       "Fish             0\n",
       "Tea              0\n",
       "Coffee           0\n",
       "dtype: int64"
      ]
     },
     "execution_count": 5,
     "metadata": {},
     "output_type": "execute_result"
    }
   ],
   "source": [
    "df.isnull().sum()"
   ]
  },
  {
   "cell_type": "markdown",
   "metadata": {},
   "source": [
    "### Split the Month-column to  different columns: Month and Year"
   ]
  },
  {
   "cell_type": "code",
   "execution_count": 6,
   "metadata": {},
   "outputs": [],
   "source": [
    "# This code is taken from Moodle\n",
    "\n",
    "# we need the calendar module for this one\n",
    "import calendar\n",
    "\n",
    "# function one, this fixes the month\n",
    "# luckily Python has a module called calendar\n",
    "# which can convert these abbrevations to numbers\n",
    "def change_month(row):\n",
    "    return list(calendar.month_abbr).index(row['Month'])\n",
    "\n",
    "\n",
    "# function two\n",
    "# fill in the missing part of the year\n",
    "def fix_year(row):\n",
    "    year = int(row['Year'])\n",
    "    if year > 50:\n",
    "        return int(f\"19{row['Year']}\")\n",
    "    else:\n",
    "        return int(f\"20{row['Year']}\")\n",
    "\n",
    "\n",
    "# before you apply the functions to year and month, we need\n",
    "# to split the original date into two columns:\n",
    "\n",
    "# if using Python 3.9, try this if the code doesn't work\n",
    "# df[['Month', 'Year']] = df['Month'].str.split('-', 1, expand=True)\n",
    "df[['Month', 'Year']] = df['Month'].str.split('-', expand=True)"
   ]
  },
  {
   "cell_type": "code",
   "execution_count": 7,
   "metadata": {},
   "outputs": [],
   "source": [
    "# apply the change_month function\n",
    "df['Month'] = df.apply(change_month, axis=1)"
   ]
  },
  {
   "cell_type": "code",
   "execution_count": 8,
   "metadata": {},
   "outputs": [],
   "source": [
    "# apply the fix_year function\n",
    "df['Year'] = df.apply(fix_year, axis=1)"
   ]
  },
  {
   "cell_type": "code",
   "execution_count": 9,
   "metadata": {},
   "outputs": [
    {
     "data": {
      "text/html": [
       "<div>\n",
       "<style scoped>\n",
       "    .dataframe tbody tr th:only-of-type {\n",
       "        vertical-align: middle;\n",
       "    }\n",
       "\n",
       "    .dataframe tbody tr th {\n",
       "        vertical-align: top;\n",
       "    }\n",
       "\n",
       "    .dataframe thead th {\n",
       "        text-align: right;\n",
       "    }\n",
       "</style>\n",
       "<table border=\"1\" class=\"dataframe\">\n",
       "  <thead>\n",
       "    <tr style=\"text-align: right;\">\n",
       "      <th></th>\n",
       "      <th>Month</th>\n",
       "      <th>Rice</th>\n",
       "      <th>Wheat</th>\n",
       "      <th>Barley</th>\n",
       "      <th>Corn</th>\n",
       "      <th>Peanuts</th>\n",
       "      <th>Sugar</th>\n",
       "      <th>Coconut-oil</th>\n",
       "      <th>Palm-oil</th>\n",
       "      <th>Sunflower-oil</th>\n",
       "      <th>Chicken</th>\n",
       "      <th>Beef</th>\n",
       "      <th>Pork</th>\n",
       "      <th>Fish</th>\n",
       "      <th>Tea</th>\n",
       "      <th>Coffee</th>\n",
       "      <th>Year</th>\n",
       "    </tr>\n",
       "  </thead>\n",
       "  <tbody>\n",
       "    <tr>\n",
       "      <th>0</th>\n",
       "      <td>10</td>\n",
       "      <td>0.28</td>\n",
       "      <td>0.11</td>\n",
       "      <td>0.09</td>\n",
       "      <td>0.10</td>\n",
       "      <td>2.12</td>\n",
       "      <td>0.0049</td>\n",
       "      <td>0.28</td>\n",
       "      <td>0.29</td>\n",
       "      <td>0.58</td>\n",
       "      <td>0.0236</td>\n",
       "      <td>0.0571</td>\n",
       "      <td>2.5051</td>\n",
       "      <td>6.35</td>\n",
       "      <td>1.60</td>\n",
       "      <td>1.24</td>\n",
       "      <td>1990</td>\n",
       "    </tr>\n",
       "    <tr>\n",
       "      <th>1</th>\n",
       "      <td>11</td>\n",
       "      <td>0.27</td>\n",
       "      <td>0.11</td>\n",
       "      <td>0.09</td>\n",
       "      <td>0.10</td>\n",
       "      <td>2.11</td>\n",
       "      <td>0.0049</td>\n",
       "      <td>0.34</td>\n",
       "      <td>0.33</td>\n",
       "      <td>0.56</td>\n",
       "      <td>0.0236</td>\n",
       "      <td>0.0558</td>\n",
       "      <td>2.4414</td>\n",
       "      <td>6.46</td>\n",
       "      <td>1.58</td>\n",
       "      <td>1.22</td>\n",
       "      <td>1990</td>\n",
       "    </tr>\n",
       "    <tr>\n",
       "      <th>2</th>\n",
       "      <td>12</td>\n",
       "      <td>0.26</td>\n",
       "      <td>0.11</td>\n",
       "      <td>0.09</td>\n",
       "      <td>0.10</td>\n",
       "      <td>2.00</td>\n",
       "      <td>0.0046</td>\n",
       "      <td>0.32</td>\n",
       "      <td>0.35</td>\n",
       "      <td>0.55</td>\n",
       "      <td>0.0231</td>\n",
       "      <td>0.0562</td>\n",
       "      <td>2.3479</td>\n",
       "      <td>6.50</td>\n",
       "      <td>1.52</td>\n",
       "      <td>1.24</td>\n",
       "      <td>1990</td>\n",
       "    </tr>\n",
       "    <tr>\n",
       "      <th>3</th>\n",
       "      <td>1</td>\n",
       "      <td>0.30</td>\n",
       "      <td>0.11</td>\n",
       "      <td>0.09</td>\n",
       "      <td>0.11</td>\n",
       "      <td>1.85</td>\n",
       "      <td>0.0042</td>\n",
       "      <td>0.34</td>\n",
       "      <td>0.35</td>\n",
       "      <td>0.57</td>\n",
       "      <td>0.0231</td>\n",
       "      <td>0.0571</td>\n",
       "      <td>2.6495</td>\n",
       "      <td>6.34</td>\n",
       "      <td>1.55</td>\n",
       "      <td>1.16</td>\n",
       "      <td>1991</td>\n",
       "    </tr>\n",
       "    <tr>\n",
       "      <th>4</th>\n",
       "      <td>2</td>\n",
       "      <td>0.33</td>\n",
       "      <td>0.11</td>\n",
       "      <td>0.09</td>\n",
       "      <td>0.11</td>\n",
       "      <td>1.79</td>\n",
       "      <td>0.0042</td>\n",
       "      <td>0.33</td>\n",
       "      <td>0.34</td>\n",
       "      <td>0.60</td>\n",
       "      <td>0.0238</td>\n",
       "      <td>0.0602</td>\n",
       "      <td>2.3517</td>\n",
       "      <td>6.41</td>\n",
       "      <td>1.48</td>\n",
       "      <td>1.14</td>\n",
       "      <td>1991</td>\n",
       "    </tr>\n",
       "  </tbody>\n",
       "</table>\n",
       "</div>"
      ],
      "text/plain": [
       "   Month  Rice  Wheat  Barley  Corn  Peanuts   Sugar  Coconut-oil  Palm-oil  \\\n",
       "0     10  0.28   0.11    0.09  0.10     2.12  0.0049         0.28      0.29   \n",
       "1     11  0.27   0.11    0.09  0.10     2.11  0.0049         0.34      0.33   \n",
       "2     12  0.26   0.11    0.09  0.10     2.00  0.0046         0.32      0.35   \n",
       "3      1  0.30   0.11    0.09  0.11     1.85  0.0042         0.34      0.35   \n",
       "4      2  0.33   0.11    0.09  0.11     1.79  0.0042         0.33      0.34   \n",
       "\n",
       "   Sunflower-oil  Chicken    Beef    Pork  Fish   Tea  Coffee  Year  \n",
       "0           0.58   0.0236  0.0571  2.5051  6.35  1.60    1.24  1990  \n",
       "1           0.56   0.0236  0.0558  2.4414  6.46  1.58    1.22  1990  \n",
       "2           0.55   0.0231  0.0562  2.3479  6.50  1.52    1.24  1990  \n",
       "3           0.57   0.0231  0.0571  2.6495  6.34  1.55    1.16  1991  \n",
       "4           0.60   0.0238  0.0602  2.3517  6.41  1.48    1.14  1991  "
      ]
     },
     "execution_count": 9,
     "metadata": {},
     "output_type": "execute_result"
    }
   ],
   "source": [
    "df.head()"
   ]
  },
  {
   "cell_type": "code",
   "execution_count": 10,
   "metadata": {},
   "outputs": [
    {
     "data": {
      "text/html": [
       "<div>\n",
       "<style scoped>\n",
       "    .dataframe tbody tr th:only-of-type {\n",
       "        vertical-align: middle;\n",
       "    }\n",
       "\n",
       "    .dataframe tbody tr th {\n",
       "        vertical-align: top;\n",
       "    }\n",
       "\n",
       "    .dataframe thead th {\n",
       "        text-align: right;\n",
       "    }\n",
       "</style>\n",
       "<table border=\"1\" class=\"dataframe\">\n",
       "  <thead>\n",
       "    <tr style=\"text-align: right;\">\n",
       "      <th></th>\n",
       "      <th>Month</th>\n",
       "      <th>Rice</th>\n",
       "      <th>Wheat</th>\n",
       "      <th>Barley</th>\n",
       "      <th>Corn</th>\n",
       "      <th>Peanuts</th>\n",
       "      <th>Sugar</th>\n",
       "      <th>Coconut-oil</th>\n",
       "      <th>Palm-oil</th>\n",
       "      <th>Sunflower-oil</th>\n",
       "      <th>Chicken</th>\n",
       "      <th>Beef</th>\n",
       "      <th>Pork</th>\n",
       "      <th>Fish</th>\n",
       "      <th>Tea</th>\n",
       "      <th>Coffee</th>\n",
       "      <th>Year</th>\n",
       "    </tr>\n",
       "  </thead>\n",
       "  <tbody>\n",
       "    <tr>\n",
       "      <th>Month</th>\n",
       "      <td>1.000000</td>\n",
       "      <td>-0.044979</td>\n",
       "      <td>-0.013236</td>\n",
       "      <td>-0.030244</td>\n",
       "      <td>-0.044408</td>\n",
       "      <td>-0.001781</td>\n",
       "      <td>0.003578</td>\n",
       "      <td>-0.040258</td>\n",
       "      <td>-0.046552</td>\n",
       "      <td>-0.005825</td>\n",
       "      <td>-0.015935</td>\n",
       "      <td>0.006254</td>\n",
       "      <td>-0.049440</td>\n",
       "      <td>-0.080344</td>\n",
       "      <td>-0.030672</td>\n",
       "      <td>-0.000688</td>\n",
       "      <td>-0.037605</td>\n",
       "    </tr>\n",
       "    <tr>\n",
       "      <th>Rice</th>\n",
       "      <td>-0.044979</td>\n",
       "      <td>1.000000</td>\n",
       "      <td>0.764992</td>\n",
       "      <td>0.725854</td>\n",
       "      <td>0.820150</td>\n",
       "      <td>0.696030</td>\n",
       "      <td>0.704375</td>\n",
       "      <td>0.646414</td>\n",
       "      <td>0.793909</td>\n",
       "      <td>-0.082812</td>\n",
       "      <td>0.652289</td>\n",
       "      <td>0.616056</td>\n",
       "      <td>0.348913</td>\n",
       "      <td>0.473308</td>\n",
       "      <td>0.643568</td>\n",
       "      <td>0.567478</td>\n",
       "      <td>0.599948</td>\n",
       "    </tr>\n",
       "    <tr>\n",
       "      <th>Wheat</th>\n",
       "      <td>-0.013236</td>\n",
       "      <td>0.764992</td>\n",
       "      <td>1.000000</td>\n",
       "      <td>0.892162</td>\n",
       "      <td>0.890443</td>\n",
       "      <td>0.580613</td>\n",
       "      <td>0.640290</td>\n",
       "      <td>0.618246</td>\n",
       "      <td>0.822121</td>\n",
       "      <td>-0.063324</td>\n",
       "      <td>0.646178</td>\n",
       "      <td>0.528809</td>\n",
       "      <td>0.398452</td>\n",
       "      <td>0.407069</td>\n",
       "      <td>0.477763</td>\n",
       "      <td>0.547567</td>\n",
       "      <td>0.521170</td>\n",
       "    </tr>\n",
       "    <tr>\n",
       "      <th>Barley</th>\n",
       "      <td>-0.030244</td>\n",
       "      <td>0.725854</td>\n",
       "      <td>0.892162</td>\n",
       "      <td>1.000000</td>\n",
       "      <td>0.907648</td>\n",
       "      <td>0.609116</td>\n",
       "      <td>0.620424</td>\n",
       "      <td>0.529652</td>\n",
       "      <td>0.792855</td>\n",
       "      <td>-0.025409</td>\n",
       "      <td>0.619077</td>\n",
       "      <td>0.432840</td>\n",
       "      <td>0.386439</td>\n",
       "      <td>0.296844</td>\n",
       "      <td>0.507331</td>\n",
       "      <td>0.448200</td>\n",
       "      <td>0.485134</td>\n",
       "    </tr>\n",
       "    <tr>\n",
       "      <th>Corn</th>\n",
       "      <td>-0.044408</td>\n",
       "      <td>0.820150</td>\n",
       "      <td>0.890443</td>\n",
       "      <td>0.907648</td>\n",
       "      <td>1.000000</td>\n",
       "      <td>0.710431</td>\n",
       "      <td>0.755538</td>\n",
       "      <td>0.680974</td>\n",
       "      <td>0.837823</td>\n",
       "      <td>0.007242</td>\n",
       "      <td>0.678824</td>\n",
       "      <td>0.615079</td>\n",
       "      <td>0.479255</td>\n",
       "      <td>0.466458</td>\n",
       "      <td>0.631756</td>\n",
       "      <td>0.562999</td>\n",
       "      <td>0.570409</td>\n",
       "    </tr>\n",
       "    <tr>\n",
       "      <th>Peanuts</th>\n",
       "      <td>-0.001781</td>\n",
       "      <td>0.696030</td>\n",
       "      <td>0.580613</td>\n",
       "      <td>0.609116</td>\n",
       "      <td>0.710431</td>\n",
       "      <td>1.000000</td>\n",
       "      <td>0.611945</td>\n",
       "      <td>0.603114</td>\n",
       "      <td>0.684083</td>\n",
       "      <td>-0.155459</td>\n",
       "      <td>0.498765</td>\n",
       "      <td>0.628254</td>\n",
       "      <td>0.439308</td>\n",
       "      <td>0.393605</td>\n",
       "      <td>0.549859</td>\n",
       "      <td>0.420156</td>\n",
       "      <td>0.511999</td>\n",
       "    </tr>\n",
       "    <tr>\n",
       "      <th>Sugar</th>\n",
       "      <td>0.003578</td>\n",
       "      <td>0.704375</td>\n",
       "      <td>0.640290</td>\n",
       "      <td>0.620424</td>\n",
       "      <td>0.755538</td>\n",
       "      <td>0.611945</td>\n",
       "      <td>1.000000</td>\n",
       "      <td>0.691739</td>\n",
       "      <td>0.761629</td>\n",
       "      <td>-0.078173</td>\n",
       "      <td>0.564009</td>\n",
       "      <td>0.566042</td>\n",
       "      <td>0.376719</td>\n",
       "      <td>0.607986</td>\n",
       "      <td>0.673708</td>\n",
       "      <td>0.584662</td>\n",
       "      <td>0.514721</td>\n",
       "    </tr>\n",
       "    <tr>\n",
       "      <th>Coconut-oil</th>\n",
       "      <td>-0.040258</td>\n",
       "      <td>0.646414</td>\n",
       "      <td>0.618246</td>\n",
       "      <td>0.529652</td>\n",
       "      <td>0.680974</td>\n",
       "      <td>0.603114</td>\n",
       "      <td>0.691739</td>\n",
       "      <td>1.000000</td>\n",
       "      <td>0.835128</td>\n",
       "      <td>0.007093</td>\n",
       "      <td>0.659971</td>\n",
       "      <td>0.662576</td>\n",
       "      <td>0.276655</td>\n",
       "      <td>0.608828</td>\n",
       "      <td>0.662326</td>\n",
       "      <td>0.612844</td>\n",
       "      <td>0.646190</td>\n",
       "    </tr>\n",
       "    <tr>\n",
       "      <th>Palm-oil</th>\n",
       "      <td>-0.046552</td>\n",
       "      <td>0.793909</td>\n",
       "      <td>0.822121</td>\n",
       "      <td>0.792855</td>\n",
       "      <td>0.837823</td>\n",
       "      <td>0.684083</td>\n",
       "      <td>0.761629</td>\n",
       "      <td>0.835128</td>\n",
       "      <td>1.000000</td>\n",
       "      <td>-0.086490</td>\n",
       "      <td>0.645418</td>\n",
       "      <td>0.560498</td>\n",
       "      <td>0.278544</td>\n",
       "      <td>0.506403</td>\n",
       "      <td>0.620940</td>\n",
       "      <td>0.709686</td>\n",
       "      <td>0.574697</td>\n",
       "    </tr>\n",
       "    <tr>\n",
       "      <th>Sunflower-oil</th>\n",
       "      <td>-0.005825</td>\n",
       "      <td>-0.082812</td>\n",
       "      <td>-0.063324</td>\n",
       "      <td>-0.025409</td>\n",
       "      <td>0.007242</td>\n",
       "      <td>-0.155459</td>\n",
       "      <td>-0.078173</td>\n",
       "      <td>0.007093</td>\n",
       "      <td>-0.086490</td>\n",
       "      <td>1.000000</td>\n",
       "      <td>0.042563</td>\n",
       "      <td>-0.172918</td>\n",
       "      <td>0.024800</td>\n",
       "      <td>-0.310311</td>\n",
       "      <td>0.005189</td>\n",
       "      <td>-0.095457</td>\n",
       "      <td>0.046572</td>\n",
       "    </tr>\n",
       "    <tr>\n",
       "      <th>Chicken</th>\n",
       "      <td>-0.015935</td>\n",
       "      <td>0.652289</td>\n",
       "      <td>0.646178</td>\n",
       "      <td>0.619077</td>\n",
       "      <td>0.678824</td>\n",
       "      <td>0.498765</td>\n",
       "      <td>0.564009</td>\n",
       "      <td>0.659971</td>\n",
       "      <td>0.645418</td>\n",
       "      <td>0.042563</td>\n",
       "      <td>1.000000</td>\n",
       "      <td>0.775428</td>\n",
       "      <td>0.330947</td>\n",
       "      <td>0.389383</td>\n",
       "      <td>0.686083</td>\n",
       "      <td>0.394202</td>\n",
       "      <td>0.873402</td>\n",
       "    </tr>\n",
       "    <tr>\n",
       "      <th>Beef</th>\n",
       "      <td>0.006254</td>\n",
       "      <td>0.616056</td>\n",
       "      <td>0.528809</td>\n",
       "      <td>0.432840</td>\n",
       "      <td>0.615079</td>\n",
       "      <td>0.628254</td>\n",
       "      <td>0.566042</td>\n",
       "      <td>0.662576</td>\n",
       "      <td>0.560498</td>\n",
       "      <td>-0.172918</td>\n",
       "      <td>0.775428</td>\n",
       "      <td>1.000000</td>\n",
       "      <td>0.393462</td>\n",
       "      <td>0.575151</td>\n",
       "      <td>0.662769</td>\n",
       "      <td>0.368481</td>\n",
       "      <td>0.830306</td>\n",
       "    </tr>\n",
       "    <tr>\n",
       "      <th>Pork</th>\n",
       "      <td>-0.049440</td>\n",
       "      <td>0.348913</td>\n",
       "      <td>0.398452</td>\n",
       "      <td>0.386439</td>\n",
       "      <td>0.479255</td>\n",
       "      <td>0.439308</td>\n",
       "      <td>0.376719</td>\n",
       "      <td>0.276655</td>\n",
       "      <td>0.278544</td>\n",
       "      <td>0.024800</td>\n",
       "      <td>0.330947</td>\n",
       "      <td>0.393462</td>\n",
       "      <td>1.000000</td>\n",
       "      <td>0.387127</td>\n",
       "      <td>0.153014</td>\n",
       "      <td>0.207065</td>\n",
       "      <td>0.161172</td>\n",
       "    </tr>\n",
       "    <tr>\n",
       "      <th>Fish</th>\n",
       "      <td>-0.080344</td>\n",
       "      <td>0.473308</td>\n",
       "      <td>0.407069</td>\n",
       "      <td>0.296844</td>\n",
       "      <td>0.466458</td>\n",
       "      <td>0.393605</td>\n",
       "      <td>0.607986</td>\n",
       "      <td>0.608828</td>\n",
       "      <td>0.506403</td>\n",
       "      <td>-0.310311</td>\n",
       "      <td>0.389383</td>\n",
       "      <td>0.575151</td>\n",
       "      <td>0.387127</td>\n",
       "      <td>1.000000</td>\n",
       "      <td>0.458195</td>\n",
       "      <td>0.485960</td>\n",
       "      <td>0.348268</td>\n",
       "    </tr>\n",
       "    <tr>\n",
       "      <th>Tea</th>\n",
       "      <td>-0.030672</td>\n",
       "      <td>0.643568</td>\n",
       "      <td>0.477763</td>\n",
       "      <td>0.507331</td>\n",
       "      <td>0.631756</td>\n",
       "      <td>0.549859</td>\n",
       "      <td>0.673708</td>\n",
       "      <td>0.662326</td>\n",
       "      <td>0.620940</td>\n",
       "      <td>0.005189</td>\n",
       "      <td>0.686083</td>\n",
       "      <td>0.662769</td>\n",
       "      <td>0.153014</td>\n",
       "      <td>0.458195</td>\n",
       "      <td>1.000000</td>\n",
       "      <td>0.404609</td>\n",
       "      <td>0.707858</td>\n",
       "    </tr>\n",
       "    <tr>\n",
       "      <th>Coffee</th>\n",
       "      <td>-0.000688</td>\n",
       "      <td>0.567478</td>\n",
       "      <td>0.547567</td>\n",
       "      <td>0.448200</td>\n",
       "      <td>0.562999</td>\n",
       "      <td>0.420156</td>\n",
       "      <td>0.584662</td>\n",
       "      <td>0.612844</td>\n",
       "      <td>0.709686</td>\n",
       "      <td>-0.095457</td>\n",
       "      <td>0.394202</td>\n",
       "      <td>0.368481</td>\n",
       "      <td>0.207065</td>\n",
       "      <td>0.485960</td>\n",
       "      <td>0.404609</td>\n",
       "      <td>1.000000</td>\n",
       "      <td>0.292019</td>\n",
       "    </tr>\n",
       "    <tr>\n",
       "      <th>Year</th>\n",
       "      <td>-0.037605</td>\n",
       "      <td>0.599948</td>\n",
       "      <td>0.521170</td>\n",
       "      <td>0.485134</td>\n",
       "      <td>0.570409</td>\n",
       "      <td>0.511999</td>\n",
       "      <td>0.514721</td>\n",
       "      <td>0.646190</td>\n",
       "      <td>0.574697</td>\n",
       "      <td>0.046572</td>\n",
       "      <td>0.873402</td>\n",
       "      <td>0.830306</td>\n",
       "      <td>0.161172</td>\n",
       "      <td>0.348268</td>\n",
       "      <td>0.707858</td>\n",
       "      <td>0.292019</td>\n",
       "      <td>1.000000</td>\n",
       "    </tr>\n",
       "  </tbody>\n",
       "</table>\n",
       "</div>"
      ],
      "text/plain": [
       "                  Month      Rice     Wheat    Barley      Corn   Peanuts  \\\n",
       "Month          1.000000 -0.044979 -0.013236 -0.030244 -0.044408 -0.001781   \n",
       "Rice          -0.044979  1.000000  0.764992  0.725854  0.820150  0.696030   \n",
       "Wheat         -0.013236  0.764992  1.000000  0.892162  0.890443  0.580613   \n",
       "Barley        -0.030244  0.725854  0.892162  1.000000  0.907648  0.609116   \n",
       "Corn          -0.044408  0.820150  0.890443  0.907648  1.000000  0.710431   \n",
       "Peanuts       -0.001781  0.696030  0.580613  0.609116  0.710431  1.000000   \n",
       "Sugar          0.003578  0.704375  0.640290  0.620424  0.755538  0.611945   \n",
       "Coconut-oil   -0.040258  0.646414  0.618246  0.529652  0.680974  0.603114   \n",
       "Palm-oil      -0.046552  0.793909  0.822121  0.792855  0.837823  0.684083   \n",
       "Sunflower-oil -0.005825 -0.082812 -0.063324 -0.025409  0.007242 -0.155459   \n",
       "Chicken       -0.015935  0.652289  0.646178  0.619077  0.678824  0.498765   \n",
       "Beef           0.006254  0.616056  0.528809  0.432840  0.615079  0.628254   \n",
       "Pork          -0.049440  0.348913  0.398452  0.386439  0.479255  0.439308   \n",
       "Fish          -0.080344  0.473308  0.407069  0.296844  0.466458  0.393605   \n",
       "Tea           -0.030672  0.643568  0.477763  0.507331  0.631756  0.549859   \n",
       "Coffee        -0.000688  0.567478  0.547567  0.448200  0.562999  0.420156   \n",
       "Year          -0.037605  0.599948  0.521170  0.485134  0.570409  0.511999   \n",
       "\n",
       "                  Sugar  Coconut-oil  Palm-oil  Sunflower-oil   Chicken  \\\n",
       "Month          0.003578    -0.040258 -0.046552      -0.005825 -0.015935   \n",
       "Rice           0.704375     0.646414  0.793909      -0.082812  0.652289   \n",
       "Wheat          0.640290     0.618246  0.822121      -0.063324  0.646178   \n",
       "Barley         0.620424     0.529652  0.792855      -0.025409  0.619077   \n",
       "Corn           0.755538     0.680974  0.837823       0.007242  0.678824   \n",
       "Peanuts        0.611945     0.603114  0.684083      -0.155459  0.498765   \n",
       "Sugar          1.000000     0.691739  0.761629      -0.078173  0.564009   \n",
       "Coconut-oil    0.691739     1.000000  0.835128       0.007093  0.659971   \n",
       "Palm-oil       0.761629     0.835128  1.000000      -0.086490  0.645418   \n",
       "Sunflower-oil -0.078173     0.007093 -0.086490       1.000000  0.042563   \n",
       "Chicken        0.564009     0.659971  0.645418       0.042563  1.000000   \n",
       "Beef           0.566042     0.662576  0.560498      -0.172918  0.775428   \n",
       "Pork           0.376719     0.276655  0.278544       0.024800  0.330947   \n",
       "Fish           0.607986     0.608828  0.506403      -0.310311  0.389383   \n",
       "Tea            0.673708     0.662326  0.620940       0.005189  0.686083   \n",
       "Coffee         0.584662     0.612844  0.709686      -0.095457  0.394202   \n",
       "Year           0.514721     0.646190  0.574697       0.046572  0.873402   \n",
       "\n",
       "                   Beef      Pork      Fish       Tea    Coffee      Year  \n",
       "Month          0.006254 -0.049440 -0.080344 -0.030672 -0.000688 -0.037605  \n",
       "Rice           0.616056  0.348913  0.473308  0.643568  0.567478  0.599948  \n",
       "Wheat          0.528809  0.398452  0.407069  0.477763  0.547567  0.521170  \n",
       "Barley         0.432840  0.386439  0.296844  0.507331  0.448200  0.485134  \n",
       "Corn           0.615079  0.479255  0.466458  0.631756  0.562999  0.570409  \n",
       "Peanuts        0.628254  0.439308  0.393605  0.549859  0.420156  0.511999  \n",
       "Sugar          0.566042  0.376719  0.607986  0.673708  0.584662  0.514721  \n",
       "Coconut-oil    0.662576  0.276655  0.608828  0.662326  0.612844  0.646190  \n",
       "Palm-oil       0.560498  0.278544  0.506403  0.620940  0.709686  0.574697  \n",
       "Sunflower-oil -0.172918  0.024800 -0.310311  0.005189 -0.095457  0.046572  \n",
       "Chicken        0.775428  0.330947  0.389383  0.686083  0.394202  0.873402  \n",
       "Beef           1.000000  0.393462  0.575151  0.662769  0.368481  0.830306  \n",
       "Pork           0.393462  1.000000  0.387127  0.153014  0.207065  0.161172  \n",
       "Fish           0.575151  0.387127  1.000000  0.458195  0.485960  0.348268  \n",
       "Tea            0.662769  0.153014  0.458195  1.000000  0.404609  0.707858  \n",
       "Coffee         0.368481  0.207065  0.485960  0.404609  1.000000  0.292019  \n",
       "Year           0.830306  0.161172  0.348268  0.707858  0.292019  1.000000  "
      ]
     },
     "execution_count": 10,
     "metadata": {},
     "output_type": "execute_result"
    }
   ],
   "source": [
    "# Creating correlation matrix\n",
    "corr = df.corr()\n",
    "corr"
   ]
  },
  {
   "cell_type": "markdown",
   "metadata": {},
   "source": [
    "### Which grocery stands out?\n",
    "Sunflower-oil, it has weak relationship."
   ]
  },
  {
   "cell_type": "markdown",
   "metadata": {},
   "source": [
    "### Which groceries seem to correlate to each other's prices? What do they have in common?\n",
    "## Year has strong correlation to each columns! \n",
    "1. Wheat and Barley (0.89):  They both belong to the grass family\n",
    "2. Corn and Barley (0.91): The demand for barley as a substitute for corn in livestock feed will remain a significant price determinant.\n",
    "3. Palm-oil and Coconut-oil (0.84): Coconut oil is derived from the coconut fruit\n",
    "4. Rice and Corn (0.82): They're all part of the grass family (Poaceae) and are responsible for feeding humankind more than any other group of plants.\n",
    "5. Chicken and Beef (0.78):chicken has become relatively cheaper compared to beef.\n",
    "### What they have in common:\n",
    "Grains (like wheat, corn, barley): Similar farming conditions and usage.<br>\n",
    "Oils (palm and coconut): Both are used in cooking and follow similar supply-demand trends.<br>\n",
    "Proteins (chicken and beef): Substitutable in diets, so their prices often move together.<br>\n",
    "\n",
    "Sources: Searching on Google,"
   ]
  },
  {
   "cell_type": "markdown",
   "metadata": {},
   "source": [
    "### Extra Task"
   ]
  },
  {
   "cell_type": "code",
   "execution_count": 11,
   "metadata": {},
   "outputs": [
    {
     "data": {
